Parametros escolhidos para D-estabilidade

w_H =

    2.4993


theta_s =

    0.8092


r_d =

    1.9216


q_d =

     0


beta_v =

    1.6667


alpha_v =

    1.2321


e_P =

     []

----------------------------------

Table_Poles =

  42×3 table

    Open_Loop_Poles     Poles_Gcd_classic      Poles_Gcd_Partial 
    _______________    ___________________    ___________________

         -3.5342          -1.3779-0.93731i       -1.3703-0.98667i
         -1.1187          -1.3779+0.93731i       -1.3703+0.98667i
        -0.45796          -3.5342+0i             -3.5342+0i      
        -0.37758          -1.1187+0i             -1.1187+0i      
        -0.19791         -0.45796+0i            -0.45796+0i      
         -0.1341         -0.37758+0i            -0.37758+0i      
       -0.091118         -0.19791+0i            -0.19791+0i      
       -0.068635          -0.1341+0i             -0.1341+0i      
       -0.052215        -0.091118+0i           -0.091118+0i      
       -0.042028        -0.068635+0i           -0.068635+0i      
       -0.034092        -0.052215+0i           -0.052215+0i      
       -0.028657        -0.042028+0i           -0.042028+0i      
       -0.024238        -0.034092+0i           -0.034092+0i      
       -0.021008        -0.028657+0i           -0.028657+0i      
       -0.018304        -0.024238+0i           -0.024238+0i      
       -0.016235        -0.021008+0i           -0.021008+0i      
       -0.014466        -0.018304+0i           -0.018304+0i      
       -0.013066        -0.016235+0i           -0.016235+0i      
       -0.011851        -0.014466+0i           -0.014466+0i      
       -0.010864        -0.013066+0i           -0.013066+0i      
       -0.009998        -0.011851+0i           -0.011851+0i      
      -0.0092804        -0.010864+0i           -0.010864+0i      
       -0.008646        -0.009998+0i           -0.009998+0i      
      -0.0081124       -0.0092804+0i          -0.0092804+0i      
      -0.0076385        -0.008646+0i           -0.008646+0i      
      -0.0072356       -0.0081124+0i          -0.0081124+0i      
      -0.0068771       -0.0076385+0i          -0.0076385+0i      
      -0.0065702       -0.0072356+0i          -0.0072356+0i      
      -0.0062978       -0.0068771+0i          -0.0068771+0i      
      -0.0060639       -0.0065702+0i          -0.0065702+0i      
      -0.0058577       -0.0062978+0i          -0.0062978+0i      
      -0.0056813       -0.0060639+0i          -0.0060639+0i      
      -0.0055278       -0.0058577+0i          -0.0058577+0i      
      -0.0053981       -0.0056813+0i          -0.0056813+0i      
      -0.0052881       -0.0055278+0i          -0.0055278+0i      
       -0.005198       -0.0053981+0i          -0.0053981+0i      
      -0.0051254       -0.0052881+0i          -0.0052881+0i      
      -0.0050701        -0.005198+0i           -0.005198+0i      
       -0.005031       -0.0051254+0i          -0.0051254+0i      
      -0.0050077       -0.0050701+0i          -0.0050701+0i      
         0.40002        -0.005031+0i           -0.005031+0i      
          10.197       -0.0050077+0i          -0.0050077+0i      


Table_Norms =

  3×6 table

      Project      H2_norm    H2_norm_percentage_discrepancy    Hinf_norm    Hinf_norm_percentage_discrepancy    Optimization_time
    ___________    _______    ______________________________    _________    ________________________________    _________________

    "Open-Loop"        Inf                 NaN                   0.28102                       0                          NaN     
    "Classic"      0.23118                 NaN                   0.89744                  219.35                      0.54748     
    "Theorem 7"    0.19734                 NaN                   0.95485                  239.78                      0.19883     